extracting
CREATE TABLE new_services (real_stop_id VARCHAR, service VARCHAR);
85061
85069
85059
85051
83049
83029
82069
83059
83099
83079
82049
99009
99131
99139
10017
10589
05023
05013
04222
81049
82029
82109
80039
80089
80049
80069
81069
81029
04149
04142
04229
80029
01311
80011
99041
98069
99019
98071
98061
99021
99049
99039
98079
99011
99031
99029
97089
97091
97099
97081
05049
05059
05039
05019
04239
84059
85091
84011
84061
84019
84049
84069
84041
84051
84021
84029
84031
80091
81051
80051
82061
80071
81011
80031
81031
82032
82011
83031
83062
83011
83081
96091
85081
96071
85089
96081
96099
96079
96089
96061
96051
96049
96059
96041
96069
97209
97049
97011
97071
97039
97041
97031
97079
97201
97051
97059
97061
97019
97069
01211
04159
01129
01119
01059
01121
01019
01012
01219
